Array1

INSERT:
925.157
3621.57
5877.76
7148.31
11573.9
15964.5
23295.5
51646
37403.1
77465.6
SEARCH:
262.869
422.073
664.793
1099.12
1795.31
2542.41
3758.61
8693.31
6538.42
14690.1
REMOVE:
543.206
2371.46
3530.15
6196.43
10297.5
14170.7
22270.8
30396.2
33478.2
45058.3

Array2

INSERT:
455.775
1884.2
4323.77
7351.15
11813.9
16264.6
36713.6
29092.5
36803
58284.8
SEARCH:
89.572
267.322
621.027
1099.49
2309.19
2414.2
6884.15
4620.01
5571.26
7084.33
REMOVE:
370.353
1529.03
3646.41
6437.93
10034.3
15417
31952.9
25305.6
41078.1
39639.2

Array3

INSERT:
775.948
3840.98
9687.32
14534.4
12565.6
16412.5
23004.5
40142.4
36717.3
48123.8
SEARCH:
112.568
492.06
1259.18
3041.89
2328.55
2542.15
3440.88
8102.26
5712.44
11135.2
REMOVE:
710.297
2720.64
5803.57
11109.2
10844.2
14363.2
19202.2
47750.4
31813.1
59382.2

Linked List1

INSERT:
33.3
31.645
46.401
59.987
72.52
39.861
43.999
51.657
59.411
64.811
SEARCH:
299.886
1446.54
2910.16
5266.57
8233.97
7398.07
10703.7
13557.2
16527.8
20141
REMOVE:
450.798
1279.87
2990.86
4908.24
5536.74
6749.24
9110.18
11793.1
15397.2
28945.3

Linked List2

INSERT:
15.748
13.117
20.598
26.14
31.227
31.731
32.23
39.422
48.677
53.311
SEARCH:
182.603
894.52
1778.35
3745.79
5135.03
7266.32
9807.28
12942.1
16588.9
33620.7
REMOVE:
171.655
739.576
1691.43
3208.25
4800.61
6639.49
9122.84
12273.3
15400.3
39299.6

Linked List3

INSERT:
14.384
10.447
18.455
21.179
22.955
29.179
34.725
41.218
47.256
109.067
SEARCH:
192.175
996.217
1888.17
3213.33
5253.7
7465.02
10520.1
12836.4
16294
41918.7
REMOVE:
170.971
805.583
1755.76
2950.48
4739.34
7197.41
9089.54
11776.2
24119.2
28719.1

BST1

INSERT:
14.403
18.457
25.551
38.24
41.234
53.487
59.599
77.998
83.747
87.024
SEARCH:
3.408
6.107
9.281
13.575
15.163
18.212
23.68
26.92
29.307
33.442
REMOVE:
2.73
6.041
8.672
13.26
18.693
18.57
22.772
26.291
29.598
34.265

BST2

INSERT:
8.157
24.238
21.201
26.749
34.888
41.854
71.389
69.198
103.109
69.948
SEARCH:
2.526
7.353
8.692
15.918
15.305
18.971
23.206
35.026
64.049
33.43
REMOVE:
3.204
6.046
8.606
11.729
14.924
18.858
23.199
77.244
52.626
45.091

BST3

INSERT:
26.928
34.322
63.441
179.987
125.617
327.72
207.182
192.092
236.951
312.247
SEARCH:
8.499
15.625
25.859
75.023
46.671
127.8
123.094
92.349
108.405
112.885
REMOVE:
8.955
15.883
36.733
60.453
43.824
54.339
126.495
179.038
164.831
116.583

Skip List1

INSERT:
16.568
32.382
45.813
48.702
63.47
82.098
97.558
137.999
141.91
165.995
SEARCH:
6.039
10.375
16.522
20.83
26.074
34.215
51.007
59.26
74.264
95.184
REMOVE:
4.244
8.677
13.496
20.39
25.303
36.363
48.552
80.692
72.032
103.572

Skip List2

INSERT:
27.71
84.956
249.203
197.643
311.054
338.538
344.772
522.248
554.944
589.421
SEARCH:
25.352
34.73
76.122
171.617
150.128
138.596
169.293
310.419
328.195
329.047
REMOVE:
17.244
47.691
46.463
161.119
223.948
136.91
204.132
307.939
282.898
362.948

Skip List3

INSERT:
33.816
85.823
129.206
361.999
237.961
287.363
359.221
433.207
477.199
724.901
SEARCH:
14.271
24.764
134.261
112.435
107.149
138.867
159.875
237.878
325.417
317.319
REMOVE:
10.117
21.999
103.746
70.045
100.525
159.06
178.535
214.409
268.604
330.129

STL Vector1

INSERT:
6.278
9.134
14.404
17.2
28.127
27.473
67.523
81.175
118.352
54.983
SEARCH:
230.952
966.016
2064.48
3894.32
6005.78
8580.07
11609
26519.8
33164
23450.4
REMOVE:
111.809
447.184
1052.1
1936.19
2977.56
4432.06
8351.34
16535.2
9170.51
11270.6

STL Vector2

INSERT:
12.739
10.25
17.616
22.498
24.327
28.581
105.41
80.045
52.581
46.02
SEARCH:
267.144
966.389
2181.33
3643.11
5887.62
9723.1
18173.9
21224.3
18506.7
22799.8
REMOVE:
111.706
582.427
1025.48
1799.76
2816.34
6611.23
9034.58
7288.09
9099.72
11928.4

STL Vector3

INSERT:
14.636
33.275
132.997
47.521
67.535
97.176
80.781
39.85
44.677
58.936
SEARCH:
368.528
1466.04
4909.16
6246.28
9065.17
13739.9
14274.7
14545.2
19016.9
22754.4
REMOVE:
172.593
1172.16
2234.15
3192.06
4521.48
7369.34
5613.11
7198.01
9211.64
11296.7

STL List1

INSERT:
21.003
40.615
51.591
35.723
33.937
33.332
37.152
39.8
64.701
110.444
SEARCH:
394.591
1846.5
3872.49
4404.01
6690.44
9971.77
13248.9
17265.9
28252.3
28943.4
REMOVE:
368.275
1888.58
3935.32
4990.39
7274.27
10386.9
14141.5
18411.8
40845
29368.4

STL List2

INSERT:
8.986
11.791
16.133
20.437
66.339
85.757
141.191
56.474
76.67
69.704
SEARCH:
271.113
1069.84
2395.85
4231.29
10991.7
15972.6
16235.1
17677.8
22009.2
38751.8
REMOVE:
280.669
1155.43
2611.16
5371.52
12096.8
18451.5
15354.2
18619.7
23621.4
50668

STL List3

INSERT:
23.158
13.429
25.659
23.967
43.489
36.825
39.338
115.917
68.817
67.284
SEARCH:
273.571
1122.02
2457.55
4260.49
6665.83
9634.07
13795.2
28993.8
22680.4
27245.7
REMOVE:
305.631
1196.76
2622.8
4886.43
7125.82
10274.4
25621.6
29892.3
24524.1
29554.5

STL Map1

INSERT:
23.012
21.508
31.991
37.087
51.177
58.913
72.187
94.693
90.567
156.453
SEARCH:
3.656
6.094
10.29
17.02
16.775
21.762
25.268
29.359
33.763
41.003
REMOVE:
3.486
7.328
10.305
13.996
17.81
21.479
26.389
29.968
35.254
41.375

STL Map2

INSERT:
24.881
49.41
164.566
134.133
130.213
167.491
197.809
239.027
224.094
261.498
SEARCH:
14.118
23.834
96.301
43.531
55.649
77.937
116.547
108.649
113.566
152.45
REMOVE:
14.429
28.364
66.631
33.139
108.544
138.429
115.75
92.059
122.456
153.439

STL Map3

INSERT:
41.293
63.909
158.649
113.028
221.61
165.664
194.468
255.866
238.641
262.09
SEARCH:
18.212
31.593
52.89
117.136
68.229
79.226
98.493
126.778
138.203
180.888
REMOVE:
14.343
32.751
30.919
137.331
60.369
79.874
95.226
118
159.183
158.924

File I/O
INSERT:
1994.83
2085.3
3518
3525.99
5724.26
SEARCH:
677.557
1054.99
2601.8
3717.6
6443.38
REMOVE:
4046.34
9703.68
11457.1
30003
33297.8